"LPlist.objtype"
"max"
"nDMU","nY","nX"
8,1,1
"nobjvals"
12
"obj coeffs"
1,0,0,0,0,0,0,0,0,0,0,0
"ncons"
11
"const signs"
"<=","<=","<=","<=","<=","<=","<=","<=","<=","<=","<=","<="
"rhs values"
0,0,0,0,0,0,0,0,1,0,0
"A coefficients"
1,-2,1,-1,0,0,0,0,0,0,0,0
4,-3,1,0,-1,0,0,0,0,0,0,0
2,-3,1,0,0,-1,0,0,0,0,0,0
3,-4,1,0,0,0,-1,0,0,0,0,0
4,-5,1,0,0,0,0,-1,0,0,0,0
2,-5,1,0,0,0,0,0,-1,0,0,0
3,-6,1,0,0,0,0,0,0,-1,0,0
5,-8,1,0,0,0,0,0,0,0,-1,0
0,2,0,0,0,0,0,0,0,0,0,0
0,0,0,0.125,0.125,0.125,0.125,0.125,0.125,0.125,0.125,-1
0,0,-1,0,0,0,0,0,0,0,0,2.667377967
